0
0
0
0
0
0
0
0
0
0
0
0
0
0
0
0
0
0
0
0
0
0
0
0
0
0
0
0
0
0
0
0
0
0
0
0
0
0
0
0
0
0
0
0
0
0
0
0
0
0
0
1
0
0
0
0
0
0
0
0
0
0
0
0
0
0
0
0
0
0
0
0
0
0
0
0
0
0
0
0
0
0
0
0
0
0
0
0
0
0
0
0
0
0
0
0
0
0
0
0
0
0
-74
-94
122
-33
100
-38
29
43
-32
-81
-68
-52
-66
-122
92
22
-95
87
39
-120
-124
120
124
25
-96
86
-100
-28
32
101
-70
-78
76
72
-33
-67
1
78
14
66
44
121
75
-62
61
65
23
-13
-119
-110
-118
