-7
-6
-5
-4
-3
-2
-1
0
0
2
4
6
8
10
13
15
18
20
23
25
28
30
31
32
33
33
33
32
30
27
24
20
15
9
3
-3
-11
-19
-27
-35
-44
-52
-60
-67
-74
-80
-85
-89
-92
-94
-94
-92
-90
-86
-80
-73
-64
-55
-44
-32
-19
-6
7
20
34
48
61
73
85
95
105
112
118
123
126
127
126
123
118
112
105
95
85
73
61
48
34
20
7
-6
-19
-32
-44
-55
-64
-73
-80
-86
-90
-92
-94
-94
-92
-89
-85
-80
-74
-67
-60
-52
-44
-35
-27
-19
-11
-3
3
9
15
20
24
27
30
32
33
33
33
32
31
30
28
25
23
20
18
15
13
10
8
6
4
2
0
0
-1
-2
-3
-4
-5
-6
-7
